Carta-1,92,27,1,5.96,1.57
Carta-2,33,56,4,8.69,1.96
Carta-3,63,55,1,9.38,2.72
Carta-4,96,24,5,8.82,2.67
Carta-5,78,72,2,8.26,2.67
Carta-6,57,10,4,6.9,2.48
Carta-7,17,51,2,4.93,1.23
Carta-8,30,83,4,3.62,2.29
Carta-9,82,30,1,3.77,2.98
Carta-10,18,19,3,5.6,1.07
Carta-11,30,63,4,1.43,2.76
Carta-12,92,61,5,2.52,1.44
Carta-13,48,33,1,8.73,2.6
Carta-14,54,53,3,7.87,1.44
Carta-15,79,65,1,9.3,2.36
Carta-16,91,69,3,6.41,1.25
Carta-17,75,12,1,6.91,2.14
Carta-18,81,11,4,5.24,2.61
Carta-19,37,75,3,9.9,2.17
Carta-20,33,67,1,4.27,2.64
Carta-21,99,28,5,5.62,1.81
Carta-22,92,71,5,5.36,2.23
Carta-23,86,92,3,1.28,1.19
Carta-24,14,71,5,5.0,2.89
Carta-25,44,88,1,1.43,2.6
Carta-26,83,26,1,8.59,1.82
Carta-27,60,40,1,6.91,2.92
Carta-28,10,48,3,2.87,1.53
Carta-29,36,60,5,7.52,1.16
Carta-30,100,45,2,1.3,1.83
Carta-31,89,22,3,1.13,1.03
Carta-32,32,47,5,4.85,1.78
Carta-33,59,15,3,8.52,1.58
Carta-34,50,92,1,8.14,2.34
Carta-35,55,13,5,5.62,2.12
Carta-36,88,46,1,5.74,2.11
Carta-37,22,30,4,8.46,1.55
Carta-38,49,33,1,7.09,2.59
Carta-39,43,49,1,7.05,1.82
Carta-40,46,80,5,3.86,2.86
Carta-41,96,71,4,3.95,2.96
Carta-42,78,79,2,5.63,2.3
Carta-43,59,26,1,7.72,2.28
Carta-44,51,41,3,1.27,1.15
Carta-45,34,77,5,8.2,1.33
Carta-46,30,85,4,6.04,1.87
Carta-47,88,13,2,4.17,1.8
Carta-48,62,66,2,7.8,1.91
Carta-49,65,100,4,7.02,1.41
Carta-50,21,99,5,4.85,1.15
Carta-51,84,10,5,1.15,1.27
Carta-52,17,96,4,1.86,1.21
Carta-53,12,68,3,6.71,2.26
Carta-54,59,20,4,8.95,1.22
Carta-55,61,63,3,6.72,2.16
Carta-56,72,88,4,9.15,1.45
Carta-57,67,88,4,1.68,1.24
Carta-58,47,11,4,5.88,1.4
Carta-59,96,84,5,7.92,1.41
Carta-60,41,21,5,4.14,1.83
Carta-61,48,35,3,2.77,2.23
Carta-62,52,37,1,4.34,2.19
Carta-63,39,48,4,2.32,1.67
Carta-64,22,91,4,5.0,1.25
Carta-65,24,66,3,8.32,1.37
Carta-66,41,53,5,8.66,2.96
Carta-67,72,91,4,9.53,1.08
Carta-68,72,33,3,8.35,1.23
Carta-69,59,85,4,1.26,2.08
Carta-70,34,25,3,3.68,2.27
Carta-71,83,50,5,6.41,1.67
Carta-72,38,67,5,6.27,2.43
Carta-73,56,23,1,1.22,2.21
Carta-74,26,77,2,1.76,2.89
Carta-75,16,58,3,8.92,1.0
Carta-76,71,78,5,1.44,1.77
Carta-77,50,81,4,3.13,1.24
Carta-78,26,87,4,2.57,2.2
Carta-79,12,10,5,9.61,1.63
Carta-80,84,73,4,4.43,1.03
Carta-81,22,63,4,6.38,2.32
Carta-82,100,58,3,8.15,1.14
Carta-83,22,46,2,2.31,2.43
Carta-84,52,60,4,4.0,1.67
Carta-85,39,95,2,8.01,2.41
Carta-86,53,78,1,5.28,1.78
Carta-87,44,33,1,6.08,2.18
Carta-88,93,23,2,8.08,1.52
Carta-89,66,98,3,2.59,1.13
Carta-90,72,41,1,3.28,2.21
Carta-91,49,93,1,5.9,2.05
Carta-92,33,98,1,5.38,2.8
Carta-93,57,62,5,4.03,1.72
Carta-94,63,55,4,8.27,1.13
Carta-95,91,64,4,1.92,2.75
Carta-96,12,65,4,2.84,1.38
Carta-97,32,69,4,7.5,2.25
Carta-98,33,53,1,6.28,1.03
Carta-99,38,30,1,2.59,1.06
Carta-100,100,40,2,8.13,1.72
Carta-101,28,27,2,9.47,1.56
Carta-102,42,39,1,3.22,2.47
Carta-103,52,43,3,5.88,2.59
Carta-104,86,54,4,9.71,1.24
Carta-105,22,34,2,3.61,2.88
Carta-106,22,76,4,9.51,1.47
Carta-107,61,89,2,8.51,2.3
Carta-108,36,67,1,8.42,2.37
Carta-109,64,18,4,6.37,1.89
Carta-110,40,90,2,4.65,1.75
Carta-111,28,47,3,1.55,1.84
Carta-112,74,45,5,9.78,2.87
Carta-113,80,32,2,7.58,2.16
Carta-114,87,77,1,1.93,1.3
Carta-115,34,45,1,6.42,1.53
Carta-116,25,68,3,1.25,2.14
Carta-117,40,77,1,4.06,2.75
Carta-118,13,88,3,6.9,1.32
Carta-119,40,67,2,9.59,2.52
Carta-120,79,61,5,4.17,1.55
Carta-121,79,92,1,9.77,1.54
Carta-122,31,92,3,1.49,1.79
Carta-123,19,57,4,5.09,1.33
Carta-124,28,52,5,6.62,1.62
Carta-125,72,75,4,9.57,2.53
Carta-126,56,36,5,4.51,1.02
Carta-127,50,19,5,6.24,1.38
Carta-128,22,19,2,3.5,1.43
Carta-129,75,47,4,3.63,1.98
Carta-130,66,96,4,2.56,1.72
Carta-131,96,25,4,2.3,2.32
Carta-132,48,37,4,7.14,1.93
Carta-133,76,34,1,2.37,2.82
Carta-134,100,67,2,3.59,1.61
Carta-135,16,40,4,3.78,1.43
Carta-136,27,82,3,8.15,1.05
Carta-137,56,21,5,7.09,1.31
Carta-138,46,49,4,5.35,1.66
Carta-139,96,52,4,5.64,2.94
Carta-140,89,82,3,4.57,2.37
Carta-141,35,24,5,5.22,2.85
Carta-142,19,26,5,1.65,2.91
Carta-143,15,22,4,9.1,2.76
Carta-144,34,47,2,6.04,2.24
Carta-145,27,50,1,6.3,2.58
Carta-146,38,36,3,2.63,2.96
Carta-147,37,59,1,3.74,1.3
Carta-148,19,36,4,5.22,2.44
Carta-149,86,47,1,3.94,2.14
Carta-150,20,49,2,9.45,2.84
Carta-151,60,79,5,1.58,1.87
Carta-152,13,69,4,7.45,2.3
Carta-153,68,31,1,3.19,1.57
Carta-154,24,52,2,6.29,1.45
Carta-155,84,93,1,3.94,1.05
Carta-156,86,44,3,4.24,2.61
Carta-157,72,50,2,2.58,1.94
Carta-158,20,53,5,2.85,1.8
Carta-159,84,66,2,7.44,2.11
Carta-160,33,88,1,7.07,1.43
Carta-161,90,45,5,4.8,1.94
Carta-162,76,26,3,7.11,2.2
Carta-163,48,40,4,8.99,2.09
Carta-164,17,59,2,8.94,1.12
Carta-165,89,40,4,6.72,2.06
Carta-166,24,18,4,4.12,2.96
Carta-167,29,15,5,3.15,1.79
Carta-168,63,88,2,7.04,1.73
Carta-169,43,39,1,7.45,2.03
Carta-170,58,98,5,9.35,2.69
Carta-171,79,39,4,4.9,2.93
Carta-172,90,10,1,5.59,2.67
Carta-173,67,30,2,3.24,2.41
Carta-174,34,72,3,3.09,1.64
Carta-175,77,79,2,4.55,1.09
Carta-176,82,12,5,8.72,1.98
Carta-177,33,38,1,5.97,1.39
Carta-178,93,83,5,1.82,2.84
Carta-179,84,13,1,9.51,1.33
Carta-180,75,91,2,6.72,2.78
Carta-181,13,37,4,3.86,1.34
Carta-182,43,70,4,9.22,2.03
Carta-183,87,88,2,1.15,2.13
Carta-184,26,20,3,8.16,1.34
Carta-185,63,28,2,2.92,2.07
Carta-186,16,30,1,2.71,2.87
Carta-187,36,61,3,2.43,1.58
Carta-188,71,21,5,7.85,1.33
Carta-189,86,80,4,2.01,1.74
Carta-190,33,43,3,2.27,1.45
Carta-191,29,46,3,7.6,2.81
Carta-192,64,78,4,9.26,1.67
Carta-193,57,63,4,5.53,1.3
Carta-194,15,54,2,5.46,1.83
Carta-195,53,62,5,4.2,1.57
Carta-196,69,95,5,1.34,1.58
Carta-197,53,14,4,8.68,1.22
Carta-198,80,78,1,1.06,1.14
Carta-199,43,29,1,1.81,2.41
Carta-200,19,24,1,4.58,1.08
Carta-201,63,27,2,4.94,2.26
Carta-202,100,36,3,3.0,1.09
Carta-203,29,82,5,1.3,1.44
Carta-204,60,21,4,8.59,1.56
Carta-205,33,33,1,2.92,2.36
Carta-206,11,78,3,6.36,1.74
Carta-207,68,73,5,4.44,2.8
Carta-208,67,37,4,6.82,1.91
Carta-209,99,67,5,9.23,1.8
Carta-210,51,48,2,2.15,1.74
Carta-211,15,66,1,5.58,1.06
Carta-212,83,36,4,9.4,1.99
Carta-213,92,58,4,2.35,1.94
Carta-214,100,38,1,7.12,2.02
Carta-215,32,33,4,9.99,2.01
Carta-216,33,73,3,8.16,2.62
Carta-217,80,57,3,3.62,2.25
Carta-218,89,11,1,1.34,2.55
Carta-219,15,73,4,4.44,1.92
Carta-220,66,45,3,3.16,1.54
Carta-221,70,71,5,8.11,2.1
Carta-222,66,61,4,9.0,2.68
Carta-223,60,76,1,3.16,1.2
Carta-224,60,68,1,2.95,1.84
Carta-225,74,77,1,7.8,2.8
Carta-226,32,35,4,9.9,1.13
Carta-227,48,25,5,3.47,1.65
Carta-228,28,57,1,9.86,1.17
Carta-229,93,75,3,5.89,1.69
Carta-230,16,31,4,2.1,1.43
Carta-231,54,39,2,6.35,2.51
Carta-232,54,64,2,3.32,2.55
Carta-233,48,26,2,7.83,1.0
Carta-234,19,49,3,5.24,1.19
Carta-235,82,64,2,4.74,1.91
Carta-236,97,76,2,6.2,1.61
Carta-237,57,16,3,3.7,2.48
Carta-238,76,48,5,8.2,2.53
Carta-239,69,35,4,3.04,2.22
Carta-240,98,76,3,5.27,2.83
Carta-241,12,95,4,7.81,1.64
Carta-242,64,23,5,2.28,2.69
Carta-243,69,64,2,7.59,2.73
Carta-244,36,97,4,3.75,2.23
Carta-245,26,24,1,6.29,1.01
Carta-246,41,45,1,3.57,1.0
Carta-247,25,14,3,5.81,2.51
Carta-248,34,99,2,3.48,1.85
Carta-249,23,59,2,9.43,1.67
Carta-250,21,26,5,4.88,1.62